13834 02 58 05.08 +20 40 07.7
14838 03 11 37.67 +19 43 36.1
18170 03 53 09.96 +17 19 37.8
18735 04 00 48.69 +18 11 38.6
19554 04 11 20.20 +05 31 22.9
20205 04 19 47.53 +15 37 39.7
20261 04 20 36.24 +15 05 43.8
20400 04 22 03.45 +14 04 38.1
20455 04 22 56.03 +17 32 33.3
20542 04 24 05.69 +17 26 39.2
20635 04 25 22.10 +22 17 38.3
20711 04 26 18.39 +22 48 49.3
20713 04 26 20.67 +15 37 06.0
20842 04 28 00.72 +21 37 12.0
20885 04 28 34.43 +15 57 44.0
20889 04 28 36.93 +19 10 49.9
20894 04 28 39.67 +15 52 15.4
20901 04 28 50.10 +13 02 51.5
21029 04 30 33.57 +16 11 38.7
21036 04 30 37.30 +13 43 28.0
21039 04 30 38.83 +15 41 31.0
21137 04 31 51.69 +15 51 05.9
21152 04 32 04.74 +05 24 36.1
21459 04 36 29.07 +23 20 27.5
21589 04 38 09.40 +12 30 39.1
21683 04 39 16.45 +15 55 04.9
22044 04 44 25.77 +11 08 46.2
22157 04 46 01.70 +11 42 20.2
22176 04 46 16.78 +18 44 05.5
22203 04 46 30.33 +15 28 19.6
22565 04 51 22.41 +18 50 23.8
22850 04 54 58.32 +19 29 07.6
23497 05 03 05.70 +21 35 24.2
23983 05 09 19.60 +09 49 46.6
24019 05 09 45.06 +28 01 50.2